0 77 60 112 71 101 19 138 111 44 42 53 11 
77 0 112 114 13 8 57 4 22 90 83 6 91 
60 112 0 142 83 64 69 143 78 42 146 0 31 
112 114 142 0 10 27 127 24 43 42 33 100 98 
71 13 83 10 0 79 141 112 123 126 78 43 21 
101 8 64 27 79 0 5 144 89 15 21 118 92 
19 57 69 127 141 5 0 95 98 142 24 141 6 
138 4 143 24 112 144 95 0 53 0 136 110 144 
111 22 78 43 123 89 98 53 0 124 131 57 69 
44 90 42 42 126 15 142 0 124 0 37 21 43 
42 83 146 33 78 21 24 136 131 37 0 73 97 
53 6 0 100 43 118 141 110 57 21 73 0 129 
11 91 31 98 21 92 6 144 69 43 97 129 0 
